[troubledyouth.jpg]
filters=DropShadow=1,4.000000,90.000000,10.000000,00000000,00ffffff,30.000000;
moddate=00784f3bbd97ce01
width=238
height=235
textactive=0
